{
 "cells": [
  {
   "cell_type": "code",
   "execution_count": 25,
   "id": "b55ef4c0-e967-4b2a-b920-4718bdf5f672",
   "metadata": {},
   "outputs": [
    {
     "name": "stdout",
     "output_type": "stream",
     "text": [
      "Total events loaded: 1811078\n",
      "Unique matches: 378\n",
      "\n",
      "Passing option rows: 939059\n",
      "\n",
      "Rows after cleaning: 939058\n",
      "\n",
      "Decision moments: 330426\n",
      "Average options per decision: 2.8419615889790757\n",
      "Max options: 35\n",
      "\n",
      "Distribution of options per decision:\n",
      "n_options\n",
      "1      45304\n",
      "2     106656\n",
      "3      93067\n",
      "4      49398\n",
      "5      21731\n",
      "6       8631\n",
      "7       3478\n",
      "8       1304\n",
      "9        488\n",
      "10       213\n",
      "11        76\n",
      "12        37\n",
      "13        24\n",
      "14         8\n",
      "15         6\n",
      "16         1\n",
      "17         1\n",
      "20         1\n",
      "26         1\n",
      "35         1\n",
      "\n",
      "Passing options after filtering trivial decisions: 893754\n",
      "\n",
      "Example best options:\n",
      " match_id associated_player_possession_event_id  best_option_score  best_xThreat_available  best_pass_value  avg_option_quality  avg_option_xThreat\n",
      "  1650385                                   8_1             0.9321                  0.0021         0.001542            0.791675            0.000875\n",
      "  1650385                                  8_10             0.9166                  0.0027         0.002017            0.795600            0.001333\n",
      "  1650385                                 8_100             0.8141                  0.0142         0.004428            0.605033            0.005367\n",
      "  1650385                                 8_101             0.9558                  0.0048         0.003743            0.758333            0.002383\n",
      "  1650385                                 8_102             0.8798                  0.0116         0.010137            0.876850            0.008000\n",
      "\n",
      "Executed passes: 265705\n",
      "Example chosen passes:\n",
      " match_id associated_player_possession_event_id  player_id  player_name  chosen_option_score  chosen_xThreat  player_targeted_xpass_completion  chosen_pass_value\n",
      "  1650385                                   8_1       4504      I. Diop               0.7076          0.0000                               1.0           0.000000\n",
      "  1650385                                   8_2      12168 Adama Traoré               0.9208          0.0020                               1.0           0.001842\n",
      "  1650385                                   8_4       6847  M. Rashford               0.9013          0.0028                               1.0           0.002524\n",
      "  1650385                                   8_9      24305    A. Diallo               0.9305          0.0006                               1.0           0.000558\n",
      "  1650385                                  8_10      11383   H. Maguire               0.8684          0.0000                               1.0           0.000000\n",
      "\n",
      "Merged decision rows: 265705\n",
      "\n",
      "Decision quality summary:\n",
      "count    265705.000000\n",
      "mean          0.917157\n",
      "std           0.180343\n",
      "min           0.000000\n",
      "25%           0.932229\n",
      "50%           1.000000\n",
      "75%           1.000000\n",
      "max           1.000000\n",
      "Name: decision_quality, dtype: float64\n",
      "\n",
      "Players before filtering: 556\n",
      "Players with 200+ decisions: 374\n",
      "\n",
      "Best decision makers (model optimal):\n",
      " player_id       player_name  passes  decision_quality  value_decision_quality  creativity  avg_xThreat_created  avg_xThreat_gain  total_xThreat_gain  avg_option_quality  risk_taken\n",
      "     12476          T. Mings     411          0.966019                0.360993    0.329958             0.001612         -0.004962             -2.0394            0.827209    0.030049\n",
      "     19584        G. Vicario     345          0.963644                0.065154    0.057936             0.000032         -0.001702             -0.5872            0.837188    0.032942\n",
      "     32773        E. Agbadou     543          0.961676                0.402437    0.373063             0.000953         -0.003090             -1.6778            0.827397    0.034500\n",
      "     12257         A. Disasi     405          0.960605                0.378058    0.345034             0.002598         -0.006107             -2.4735            0.831634    0.035273\n",
      "      5907       K. Trippier     697          0.957711                0.485787    0.447130             0.004110         -0.010175             -7.0922            0.837060    0.038166\n",
      "     12098          R. James     489          0.957381                0.516528    0.481113             0.003565         -0.006697             -3.2748            0.833335    0.037976\n",
      "     64677         J. Kiwior     508          0.957242                0.389321    0.353116             0.002196         -0.006552             -3.3284            0.832559    0.038638\n",
      "     12895       K. Tsimikas     368          0.955244                0.483434    0.444348             0.005673         -0.009741             -3.5848            0.825934    0.039906\n",
      "     12794         V. Coufal     349          0.955008                0.468260    0.435738             0.003759         -0.008308             -2.8994            0.832535    0.040569\n",
      "     18568           M. Cash     607          0.954806                0.479874    0.445188             0.005755         -0.009956             -6.0430            0.825858    0.040000\n",
      "      1242         B. Davies     506          0.954730                0.336280    0.311375             0.001588         -0.004578             -2.3164            0.829168    0.040470\n",
      "     12879       M. Roerslev     367          0.954697                0.479687    0.447037             0.006756         -0.011916             -4.3732            0.837162    0.040406\n",
      "     24540          B. White     448          0.953115                0.477351    0.444794             0.005534         -0.010783             -4.8306            0.834281    0.042408\n",
      "     18952          E. Konsa    1093          0.952982                0.412779    0.381946             0.002494         -0.004847             -5.2980            0.823836    0.041663\n",
      "     12841 Gabriel Magalhaes    1074          0.952901                0.408490    0.378197             0.002894         -0.005664             -6.0832            0.827968    0.042159\n",
      "     12286         W. Saliba    1715          0.952458                0.366539    0.336469             0.001608         -0.004161             -7.1354            0.829865    0.042439\n",
      "     33500      J. van Hecke    1293          0.952189                0.383927    0.355355             0.002000         -0.005347             -6.9141            0.827079    0.042938\n",
      "     14155         C. Romero     648          0.951867                0.343802    0.319896             0.002071         -0.004349             -2.8180            0.828368    0.042201\n",
      "     11589     T. Adarabioyo     722          0.951807                0.397638    0.369693             0.001135         -0.002964             -2.1401            0.833350    0.043298\n",
      "    698218       A. Khusanov     256          0.951717                0.348755    0.324763             0.001459         -0.005983             -1.5317            0.823229    0.043529\n",
      "\n",
      "Most creative passers:\n",
      " player_id      player_name  passes  decision_quality  value_decision_quality  creativity  avg_xThreat_created  avg_xThreat_gain  total_xThreat_gain  avg_option_quality  risk_taken\n",
      "     32862    Rodrigo Muniz     385          0.842110                0.896894    0.925087             0.031883         -0.005375             -2.0693            0.787856    0.140809\n",
      "      4700         J. Vardy     782          0.864824                0.914321    0.922638             0.034230         -0.005840             -4.5667            0.794686    0.119890\n",
      "     29252             Beto     612          0.865353                0.905421    0.922208             0.025173         -0.002742             -1.6780            0.799407    0.119630\n",
      "     26612         G. Hirst     223          0.853235                0.906939    0.917700             0.026342         -0.004662             -1.0396            0.783543    0.128182\n",
      "     11753 D. Calvert-Lewin     619          0.877205                0.906814    0.915911             0.025145         -0.004684             -2.8997            0.805290    0.111287\n",
      "     32442       N. Jackson     785          0.867230                0.903143    0.912850             0.030699         -0.006622             -5.1982            0.801854    0.116899\n",
      "     28274        Evanilson     697          0.864166                0.899142    0.911230             0.033460         -0.005096             -3.5522            0.796979    0.120836\n",
      "     13551       P. Onuachu     433          0.848288                0.887413    0.909520             0.019163         -0.002636             -1.1415            0.786601    0.132043\n",
      "     19164        J. Mateta    1001          0.867711                0.896604    0.908486             0.026937         -0.005064             -5.0692            0.795229    0.116633\n",
      "     32125         L. Delap     791          0.862780                0.885060    0.907363             0.021156         -0.003709             -2.9338            0.799222    0.122174\n",
      "     16381 J. Strand Larsen     807          0.896990                0.899170    0.905465             0.030809         -0.004472             -3.6089            0.804545    0.091815\n",
      "     18948       O. Watkins     856          0.891545                0.894887    0.905097             0.035934         -0.005906             -5.0555            0.806177    0.096545\n",
      "     16407       E. Haaland     783          0.852990                0.868881    0.893548             0.043565         -0.010060             -7.8766            0.790507    0.130808\n",
      "     33020       R. Højlund     785          0.882964                0.884718    0.891988             0.029994         -0.004477             -3.5147            0.803386    0.104281\n",
      "      7962      N. Füllkrug     298          0.834791                0.870100    0.888856             0.028889         -0.005853             -1.7443            0.789077    0.148208\n",
      "     12681          C. Wood     787          0.857953                0.868081    0.885828             0.032627         -0.004833             -3.8039            0.784475    0.123922\n",
      "     63385        C. Archer     470          0.876225                0.875640    0.880492             0.029217         -0.005931             -2.7878            0.802041    0.110089\n",
      "      8891       R. Jiménez    1035          0.859911                0.858498    0.876053             0.024222         -0.004919             -5.0911            0.802776    0.126571\n",
      "     25839         D. Núñez     410          0.867106                0.836151    0.856344             0.040852         -0.008239             -3.3779            0.803914    0.119208\n",
      "      2816       D. Solanke     720          0.873049                0.847847    0.853044             0.033996         -0.009770             -7.0341            0.798534    0.112626\n",
      "\n",
      "Highest xThreat creators:\n",
      " player_id      player_name  passes  decision_quality  value_decision_quality  creativity  avg_xThreat_created  avg_xThreat_gain  total_xThreat_gain  avg_option_quality  risk_taken\n",
      "     16407       E. Haaland     783          0.852990                0.868881    0.893548             0.043565         -0.010060             -7.8766            0.790507    0.130808\n",
      "     25839         D. Núñez     410          0.867106                0.836151    0.856344             0.040852         -0.008239             -3.3779            0.803914    0.119208\n",
      "     18948       O. Watkins     856          0.891545                0.894887    0.905097             0.035934         -0.005906             -5.0555            0.806177    0.096545\n",
      "     13368         Y. Wissa     914          0.863144                0.822746    0.839639             0.035835         -0.009061             -8.2819            0.796289    0.120257\n",
      "      4700         J. Vardy     782          0.864824                0.914321    0.922638             0.034230         -0.005840             -4.5667            0.794686    0.119890\n",
      "      2816       D. Solanke     720          0.873049                0.847847    0.853044             0.033996         -0.009770             -7.0341            0.798534    0.112626\n",
      "     28274        Evanilson     697          0.864166                0.899142    0.911230             0.033460         -0.005096             -3.5522            0.796979    0.120836\n",
      "     12681          C. Wood     787          0.857953                0.868081    0.885828             0.032627         -0.004833             -3.8039            0.784475    0.123922\n",
      "      2766       Diogo Jota     449          0.904979                0.816951    0.814860             0.032487         -0.011865             -5.3276            0.816409    0.085082\n",
      "     32862    Rodrigo Muniz     385          0.842110                0.896894    0.925087             0.031883         -0.005375             -2.0693            0.787856    0.140809\n",
      "     23173       M. Munetsi     257          0.840512                0.783466    0.821051             0.031173         -0.007149             -1.8372            0.807925    0.142802\n",
      "     16381 J. Strand Larsen     807          0.896990                0.899170    0.905465             0.030809         -0.004472             -3.6089            0.804545    0.091815\n",
      "     12750          A. Isak     987          0.882801                0.821919    0.826963             0.030764         -0.008665             -8.5521            0.806360    0.103795\n",
      "     32442       N. Jackson     785          0.867230                0.903143    0.912850             0.030699         -0.006622             -5.1982            0.801854    0.116899\n",
      "     33020       R. Højlund     785          0.882964                0.884718    0.891988             0.029994         -0.004477             -3.5147            0.803386    0.104281\n",
      "     63385        C. Archer     470          0.876225                0.875640    0.880492             0.029217         -0.005931             -2.7878            0.802041    0.110089\n",
      "      7962      N. Füllkrug     298          0.834791                0.870100    0.888856             0.028889         -0.005853             -1.7443            0.789077    0.148208\n",
      "      2325       D. Welbeck     746          0.866991                0.784462    0.792146             0.027639         -0.009080             -6.7739            0.800493    0.118597\n",
      "     19164        J. Mateta    1001          0.867711                0.896604    0.908486             0.026937         -0.005064             -5.0692            0.795229    0.116633\n",
      "     26612         G. Hirst     223          0.853235                0.906939    0.917700             0.026342         -0.004662             -1.0396            0.783543    0.128182\n",
      "\n",
      "Best value decision makers:\n",
      " player_id      player_name  passes  decision_quality  value_decision_quality  creativity  avg_xThreat_created  avg_xThreat_gain  total_xThreat_gain  avg_option_quality  risk_taken\n",
      "      4700         J. Vardy     782          0.864824                0.914321    0.922638             0.034230         -0.005840             -4.5667            0.794686    0.119890\n",
      "     26612         G. Hirst     223          0.853235                0.906939    0.917700             0.026342         -0.004662             -1.0396            0.783543    0.128182\n",
      "     11753 D. Calvert-Lewin     619          0.877205                0.906814    0.915911             0.025145         -0.004684             -2.8997            0.805290    0.111287\n",
      "     29252             Beto     612          0.865353                0.905421    0.922208             0.025173         -0.002742             -1.6780            0.799407    0.119630\n",
      "     32442       N. Jackson     785          0.867230                0.903143    0.912850             0.030699         -0.006622             -5.1982            0.801854    0.116899\n",
      "     16381 J. Strand Larsen     807          0.896990                0.899170    0.905465             0.030809         -0.004472             -3.6089            0.804545    0.091815\n",
      "     28274        Evanilson     697          0.864166                0.899142    0.911230             0.033460         -0.005096             -3.5522            0.796979    0.120836\n",
      "     32862    Rodrigo Muniz     385          0.842110                0.896894    0.925087             0.031883         -0.005375             -2.0693            0.787856    0.140809\n",
      "     19164        J. Mateta    1001          0.867711                0.896604    0.908486             0.026937         -0.005064             -5.0692            0.795229    0.116633\n",
      "     18948       O. Watkins     856          0.891545                0.894887    0.905097             0.035934         -0.005906             -5.0555            0.806177    0.096545\n",
      "     13551       P. Onuachu     433          0.848288                0.887413    0.909520             0.019163         -0.002636             -1.1415            0.786601    0.132043\n",
      "     32125         L. Delap     791          0.862780                0.885060    0.907363             0.021156         -0.003709             -2.9338            0.799222    0.122174\n",
      "     33020       R. Højlund     785          0.882964                0.884718    0.891988             0.029994         -0.004477             -3.5147            0.803386    0.104281\n",
      "     63385        C. Archer     470          0.876225                0.875640    0.880492             0.029217         -0.005931             -2.7878            0.802041    0.110089\n",
      "      7962      N. Füllkrug     298          0.834791                0.870100    0.888856             0.028889         -0.005853             -1.7443            0.789077    0.148208\n",
      "     16407       E. Haaland     783          0.852990                0.868881    0.893548             0.043565         -0.010060             -7.8766            0.790507    0.130808\n",
      "     12681          C. Wood     787          0.857953                0.868081    0.885828             0.032627         -0.004833             -3.8039            0.784475    0.123922\n",
      "      8891       R. Jiménez    1035          0.859911                0.858498    0.876053             0.024222         -0.004919             -5.0911            0.802776    0.126571\n",
      "      2816       D. Solanke     720          0.873049                0.847847    0.853044             0.033996         -0.009770             -7.0341            0.798534    0.112626\n",
      "     25839         D. Núñez     410          0.867106                0.836151    0.856344             0.040852         -0.008239             -3.3779            0.803914    0.119208\n",
      "\n",
      "Players with hardest passing options:\n",
      " player_id   player_name  passes  decision_quality  value_decision_quality  creativity  avg_xThreat_created  avg_xThreat_gain  total_xThreat_gain  avg_option_quality  risk_taken\n",
      "     26612      G. Hirst     223          0.853235                0.906939    0.917700             0.026342         -0.004662             -1.0396            0.783543    0.128182\n",
      "     12681       C. Wood     787          0.857953                0.868081    0.885828             0.032627         -0.004833             -3.8039            0.784475    0.123922\n",
      "     13551    P. Onuachu     433          0.848288                0.887413    0.909520             0.019163         -0.002636             -1.1415            0.786601    0.132043\n",
      "     32862 Rodrigo Muniz     385          0.842110                0.896894    0.925087             0.031883         -0.005375             -2.0693            0.787856    0.140809\n",
      "      7962   N. Füllkrug     298          0.834791                0.870100    0.888856             0.028889         -0.005853             -1.7443            0.789077    0.148208\n",
      "     16407    E. Haaland     783          0.852990                0.868881    0.893548             0.043565         -0.010060             -7.8766            0.790507    0.130808\n",
      "     28932   S. Szmodics     256          0.851270                0.729372    0.741106             0.020537         -0.008022             -2.0536            0.790972    0.131969\n",
      "      4700      J. Vardy     782          0.864824                0.914321    0.922638             0.034230         -0.005840             -4.5667            0.794686    0.119890\n",
      "     19164     J. Mateta    1001          0.867711                0.896604    0.908486             0.026937         -0.005064             -5.0692            0.795229    0.116633\n",
      "     13368      Y. Wissa     914          0.863144                0.822746    0.839639             0.035835         -0.009061             -8.2819            0.796289    0.120257\n",
      "     28274     Evanilson     697          0.864166                0.899142    0.911230             0.033460         -0.005096             -3.5522            0.796979    0.120836\n",
      "     14209     G. Rutter     530          0.871206                0.755670    0.763285             0.019895         -0.011653             -6.1759            0.798411    0.113178\n",
      "      2816    D. Solanke     720          0.873049                0.847847    0.853044             0.033996         -0.009770             -7.0341            0.798534    0.112626\n",
      "     34850     K. Schade     742          0.863561                0.767538    0.792505             0.024885         -0.011453             -8.4980            0.798722    0.121480\n",
      "     32125      L. Delap     791          0.862780                0.885060    0.907363             0.021156         -0.003709             -2.9338            0.799222    0.122174\n",
      "     29252          Beto     612          0.865353                0.905421    0.922208             0.025173         -0.002742             -1.6780            0.799407    0.119630\n",
      "      2325    D. Welbeck     746          0.866991                0.784462    0.792146             0.027639         -0.009080             -6.7739            0.800493    0.118597\n",
      "     18686        E. Eze    1015          0.874779                0.735920    0.744963             0.017492         -0.009452             -9.5937            0.800541    0.109642\n",
      "     32442    N. Jackson     785          0.867230                0.903143    0.912850             0.030699         -0.006622             -5.1982            0.801854    0.116899\n",
      "     13908  Mikel Merino     583          0.886747                0.695334    0.699260             0.023325         -0.010539             -6.1444            0.801999    0.100206\n",
      "\n",
      "Players generating the most xThreat with passes:\n",
      " player_id       player_name  passes  decision_quality  value_decision_quality  creativity  avg_xThreat_created  avg_xThreat_gain  total_xThreat_gain  avg_option_quality  risk_taken\n",
      "     12446          A. Murić     201          0.899036                0.043045    0.037561             0.000021         -0.001079             -0.2168            0.814515    0.087612\n",
      "     11600           N. Pope     215          0.934848                0.032107    0.028546             0.000017         -0.001325             -0.2848            0.831481    0.057763\n",
      "     16451      M. Hermansen     288          0.916110                0.053008    0.046897             0.000028         -0.001016             -0.2925            0.813808    0.070903\n",
      "       628         A. Aréola     337          0.943534                0.021469    0.019054             0.000014         -0.001065             -0.3588            0.837306    0.052145\n",
      "      5437           José Sá     271          0.916005                0.037562    0.031735             0.000018         -0.001560             -0.4227            0.827399    0.074733\n",
      "     18526      D. Henderson     339          0.929604                0.013295    0.011974             0.000012         -0.001324             -0.4487            0.828248    0.062350\n",
      "     14040       A. Ramsdale     389          0.922659                0.046828    0.041806             0.000019         -0.001173             -0.4562            0.828341    0.069359\n",
      "     11557          A. Onana     511          0.915812                0.030881    0.028882             0.000015         -0.001014             -0.5180            0.816297    0.073557\n",
      "     11691 Kepa Arrizabalaga     319          0.881065                0.016620    0.015968             0.000018         -0.001798             -0.5736            0.819149    0.105524\n",
      "     34082    Robert Sánchez     426          0.910204                0.029747    0.027915             0.000020         -0.001353             -0.5764            0.824825    0.078824\n",
      "      2924           Ederson     408          0.891805                0.026708    0.024355             0.000013         -0.001424             -0.5809            0.814120    0.094033\n",
      "     19584        G. Vicario     345          0.963644                0.065154    0.057936             0.000032         -0.001702             -0.5872            0.837188    0.032942\n",
      "      3066       E. Martínez     505          0.917690                0.035019    0.032775             0.000019         -0.001346             -0.6797            0.820861    0.072704\n",
      "      1329           B. Leno     599          0.902358                0.032633    0.029563             0.000016         -0.001188             -0.7116            0.821032    0.087344\n",
      "     32768     B. Verbruggen     518          0.929606                0.022375    0.020187             0.000015         -0.001488             -0.7707            0.819086    0.060596\n",
      "     11499           Alisson     394          0.916978                0.039134    0.033116             0.000024         -0.002140             -0.8433            0.819468    0.071939\n",
      "     19054        M. Flekken     596          0.923447                0.013434    0.013543             0.000087         -0.001457             -0.8685            0.819962    0.068301\n",
      "     18544        David Raya     561          0.917988                0.058996    0.053101             0.000036         -0.001608             -0.9022            0.829191    0.072830\n",
      "      5317       J. Pickford     503          0.873945                0.044278    0.046147             0.000068         -0.001823             -0.9172            0.808063    0.111994\n",
      "       192        A. Lallana     217          0.907415                0.681868    0.678051             0.005460         -0.004367             -0.9477            0.810215    0.083198\n"
     ]
    }
   ],
   "source": [
    "import pandas as pd\n",
    "from pathlib import Path\n",
    "\n",
    "# --------------------------------------------------\n",
    "# PANDAS DISPLAY SETTINGS (avoid line wrapping)\n",
    "# --------------------------------------------------\n",
    "\n",
    "pd.set_option(\"display.max_columns\", None)\n",
    "pd.set_option(\"display.width\", 2000)\n",
    "pd.set_option(\"display.max_colwidth\", None)\n",
    "pd.set_option(\"display.expand_frame_repr\", False)\n",
    "\n",
    "\n",
    "# --------------------------------------------------\n",
    "# 1. LOAD ALL MATCH EVENT FILES\n",
    "# --------------------------------------------------\n",
    "\n",
    "folder = Path(r\"Datasets\\SkillCorner Premier League 24-25 data\\dynamic_events_pl_24\\dynamic\")\n",
    "\n",
    "dfs = []\n",
    "\n",
    "for file in folder.glob(\"*.parquet\"):\n",
    "    df = pd.read_parquet(file)\n",
    "    dfs.append(df)\n",
    "\n",
    "events = pd.concat(dfs, ignore_index=True)\n",
    "\n",
    "print(\"Total events loaded:\", len(events))\n",
    "print(\"Unique matches:\", events[\"match_id\"].nunique())\n",
    "\n",
    "\n",
    "# --------------------------------------------------\n",
    "# 2. FILTER PASSING OPTIONS\n",
    "# --------------------------------------------------\n",
    "\n",
    "passing_options = events[\n",
    "    events[\"event_type\"] == \"passing_option\"\n",
    "].copy()\n",
    "\n",
    "print(\"\\nPassing option rows:\", len(passing_options))\n",
    "\n",
    "\n",
    "# --------------------------------------------------\n",
    "# 3. KEEP IMPORTANT COLUMNS\n",
    "# --------------------------------------------------\n",
    "\n",
    "passing_options = passing_options[\n",
    "    [\n",
    "        \"match_id\",\n",
    "        \"associated_player_possession_event_id\",\n",
    "        \"player_id\",\n",
    "        \"player_name\",\n",
    "        \"passing_option_score\",\n",
    "        \"xthreat\",\n",
    "        \"player_targeted_xpass_completion\",\n",
    "        \"targeted\"\n",
    "    ]\n",
    "].dropna(subset=[\"passing_option_score\"])\n",
    "\n",
    "\n",
    "# clean numeric columns\n",
    "passing_options[\"xthreat\"] = pd.to_numeric(\n",
    "    passing_options[\"xthreat\"], errors=\"coerce\"\n",
    ").fillna(0)\n",
    "\n",
    "passing_options[\"player_targeted_xpass_completion\"] = pd.to_numeric(\n",
    "    passing_options[\"player_targeted_xpass_completion\"], errors=\"coerce\"\n",
    ").fillna(1)\n",
    "\n",
    "\n",
    "print(\"\\nRows after cleaning:\", len(passing_options))\n",
    "\n",
    "\n",
    "# --------------------------------------------------\n",
    "# 4. COUNT OPTIONS PER DECISION\n",
    "# --------------------------------------------------\n",
    "\n",
    "option_counts = (\n",
    "    passing_options\n",
    "    .groupby([\"match_id\", \"associated_player_possession_event_id\"])\n",
    "    .size()\n",
    "    .reset_index(name=\"n_options\")\n",
    ")\n",
    "\n",
    "print(\"\\nDecision moments:\", len(option_counts))\n",
    "print(\"Average options per decision:\", option_counts[\"n_options\"].mean())\n",
    "print(\"Max options:\", option_counts[\"n_options\"].max())\n",
    "\n",
    "print(\"\\nDistribution of options per decision:\")\n",
    "print(option_counts[\"n_options\"].value_counts().sort_index().to_string())\n",
    "\n",
    "\n",
    "# --------------------------------------------------\n",
    "# 5. REMOVE TRIVIAL DECISIONS\n",
    "# --------------------------------------------------\n",
    "\n",
    "option_counts = option_counts[option_counts[\"n_options\"] >= 2]\n",
    "\n",
    "passing_options = passing_options.merge(\n",
    "    option_counts[[\"match_id\", \"associated_player_possession_event_id\"]],\n",
    "    on=[\"match_id\", \"associated_player_possession_event_id\"]\n",
    ")\n",
    "\n",
    "print(\"\\nPassing options after filtering trivial decisions:\", len(passing_options))\n",
    "\n",
    "\n",
    "# --------------------------------------------------\n",
    "# 6. PASS VALUE (SkillCorner formula)\n",
    "# --------------------------------------------------\n",
    "\n",
    "passing_options[\"pass_value\"] = (\n",
    "    passing_options[\"passing_option_score\"]\n",
    "    * passing_options[\"xthreat\"]\n",
    "    * passing_options[\"player_targeted_xpass_completion\"]\n",
    ")\n",
    "\n",
    "\n",
    "# --------------------------------------------------\n",
    "# 7. BEST OPTION PER DECISION\n",
    "# --------------------------------------------------\n",
    "\n",
    "best_option = (\n",
    "    passing_options\n",
    "    .groupby([\"match_id\", \"associated_player_possession_event_id\"])\n",
    "    .agg(\n",
    "        best_option_score=(\"passing_option_score\", \"max\"),\n",
    "        best_xThreat_available=(\"xthreat\", \"max\"),\n",
    "        best_pass_value=(\"pass_value\", \"max\"),\n",
    "        avg_option_quality=(\"passing_option_score\", \"mean\"),\n",
    "        avg_option_xThreat=(\"xthreat\", \"mean\")\n",
    "    )\n",
    "    .reset_index()\n",
    ")\n",
    "\n",
    "print(\"\\nExample best options:\")\n",
    "print(best_option.head().to_string(index=False))\n",
    "\n",
    "\n",
    "# --------------------------------------------------\n",
    "# 8. IDENTIFY CHOSEN PASSES\n",
    "# --------------------------------------------------\n",
    "\n",
    "chosen = passing_options[\n",
    "    passing_options[\"targeted\"] == True\n",
    "].copy()\n",
    "\n",
    "chosen = chosen[\n",
    "    [\n",
    "        \"match_id\",\n",
    "        \"associated_player_possession_event_id\",\n",
    "        \"player_id\",\n",
    "        \"player_name\",\n",
    "        \"passing_option_score\",\n",
    "        \"xthreat\",\n",
    "        \"player_targeted_xpass_completion\",\n",
    "        \"pass_value\"\n",
    "    ]\n",
    "]\n",
    "\n",
    "chosen = chosen.rename(columns={\n",
    "    \"passing_option_score\": \"chosen_option_score\",\n",
    "    \"xthreat\": \"chosen_xThreat\",\n",
    "    \"pass_value\": \"chosen_pass_value\"\n",
    "})\n",
    "\n",
    "print(\"\\nExecuted passes:\", len(chosen))\n",
    "print(\"Example chosen passes:\")\n",
    "print(chosen.head().to_string(index=False))\n",
    "\n",
    "\n",
    "# --------------------------------------------------\n",
    "# 9. MERGE DECISION DATA\n",
    "# --------------------------------------------------\n",
    "\n",
    "decisions = chosen.merge(\n",
    "    best_option,\n",
    "    on=[\"match_id\", \"associated_player_possession_event_id\"]\n",
    ")\n",
    "\n",
    "print(\"\\nMerged decision rows:\", len(decisions))\n",
    "\n",
    "\n",
    "# --------------------------------------------------\n",
    "# 10. COMPUTE DECISION METRICS\n",
    "# --------------------------------------------------\n",
    "\n",
    "decisions[\"decision_quality\"] = (\n",
    "    decisions[\"chosen_option_score\"] /\n",
    "    decisions[\"best_option_score\"]\n",
    ")\n",
    "\n",
    "decisions[\"value_decision_quality\"] = (\n",
    "    decisions[\"chosen_pass_value\"] /\n",
    "    decisions[\"best_pass_value\"]\n",
    ")\n",
    "\n",
    "decisions[\"creativity\"] = (\n",
    "    decisions[\"chosen_xThreat\"] /\n",
    "    decisions[\"best_xThreat_available\"]\n",
    ")\n",
    "\n",
    "decisions[\"risk_taken\"] = (\n",
    "    decisions[\"best_option_score\"] -\n",
    "    decisions[\"chosen_option_score\"]\n",
    ")\n",
    "\n",
    "decisions[\"xThreat_gain\"] = (\n",
    "    decisions[\"chosen_xThreat\"] -\n",
    "    decisions[\"best_xThreat_available\"]\n",
    ")\n",
    "\n",
    "print(\"\\nDecision quality summary:\")\n",
    "print(decisions[\"decision_quality\"].describe())\n",
    "\n",
    "\n",
    "# --------------------------------------------------\n",
    "# 11. AGGREGATE PLAYER METRICS\n",
    "# --------------------------------------------------\n",
    "\n",
    "players = (\n",
    "    decisions\n",
    "    .groupby([\"player_id\", \"player_name\"])\n",
    "    .agg(\n",
    "        passes=(\"decision_quality\", \"count\"),\n",
    "        decision_quality=(\"decision_quality\", \"mean\"),\n",
    "        value_decision_quality=(\"value_decision_quality\", \"mean\"),\n",
    "        creativity=(\"creativity\", \"mean\"),\n",
    "        avg_xThreat_created=(\"chosen_xThreat\", \"mean\"),\n",
    "        avg_xThreat_gain=(\"xThreat_gain\", \"mean\"),\n",
    "        total_xThreat_gain=(\"xThreat_gain\", \"sum\"),\n",
    "        avg_option_quality=(\"avg_option_quality\", \"mean\"),\n",
    "        risk_taken=(\"risk_taken\", \"mean\")\n",
    "    )\n",
    "    .reset_index()\n",
    ")\n",
    "\n",
    "print(\"\\nPlayers before filtering:\", len(players))\n",
    "\n",
    "players = players[players[\"passes\"] > 200]\n",
    "\n",
    "print(\"Players with 200+ decisions:\", len(players))\n",
    "\n",
    "\n",
    "# --------------------------------------------------\n",
    "# 12. BEST DECISION MAKERS\n",
    "# --------------------------------------------------\n",
    "\n",
    "print(\"\\nBest decision makers (model optimal):\")\n",
    "print(\n",
    "    players\n",
    "    .sort_values(\"decision_quality\", ascending=False)\n",
    "    .head(20)\n",
    "    .to_string(index=False)\n",
    ")\n",
    "\n",
    "\n",
    "# --------------------------------------------------\n",
    "# 13. MOST CREATIVE PASSERS\n",
    "# --------------------------------------------------\n",
    "\n",
    "print(\"\\nMost creative passers:\")\n",
    "print(\n",
    "    players\n",
    "    .sort_values(\"creativity\", ascending=False)\n",
    "    .head(20)\n",
    "    .to_string(index=False)\n",
    ")\n",
    "\n",
    "\n",
    "# --------------------------------------------------\n",
    "# 14. HIGHEST xTHREAT CREATORS\n",
    "# --------------------------------------------------\n",
    "\n",
    "print(\"\\nHighest xThreat creators:\")\n",
    "print(\n",
    "    players\n",
    "    .sort_values(\"avg_xThreat_created\", ascending=False)\n",
    "    .head(20)\n",
    "    .to_string(index=False)\n",
    ")\n",
    "\n",
    "\n",
    "# --------------------------------------------------\n",
    "# 15. BEST VALUE DECISION MAKERS\n",
    "# --------------------------------------------------\n",
    "\n",
    "print(\"\\nBest value decision makers:\")\n",
    "print(\n",
    "    players\n",
    "    .sort_values(\"value_decision_quality\", ascending=False)\n",
    "    .head(20)\n",
    "    .to_string(index=False)\n",
    ")\n",
    "\n",
    "\n",
    "# --------------------------------------------------\n",
    "# 16. HARDEST PASSING CONTEXT\n",
    "# --------------------------------------------------\n",
    "\n",
    "print(\"\\nPlayers with hardest passing options:\")\n",
    "print(\n",
    "    players\n",
    "    .sort_values(\"avg_option_quality\")\n",
    "    .head(20)\n",
    "    .to_string(index=False)\n",
    ")\n",
    "\n",
    "\n",
    "# --------------------------------------------------\n",
    "# 17. MOST xTHREAT GENERATED\n",
    "# --------------------------------------------------\n",
    "\n",
    "print(\"\\nPlayers generating the most xThreat with passes:\")\n",
    "print(\n",
    "    players\n",
    "    .sort_values(\"total_xThreat_gain\", ascending=False)\n",
    "    .head(20)\n",
    "    .to_string(index=False)\n",
    ")"
   ]
  },
  {
   "cell_type": "code",
   "execution_count": 29,
